32208394
90987435
33547294
32849512
93261718
18864554
22827294
27162157
96476641
14255121
56050320
15478918
31774984
23054880
78537707
31977766
75945554
16158154
31765333
69461892
56004472
99189811
10768666
10308502
28743846
94350514
12034301
15570038
20543249
15597421
19824893
12625392
21398248
49970717
85799344
22070701
37543810
15310730
25773645
15941210
20289228
20262123
10973420
24074826
24675998
10925281
30890584
71481007
28933363
20196413
29066551
32491441
22487192
28037041
60215268
69500673
15146281
28950173
25413922
60273649
14568889
98543831
22921876
43341409
13733468
27793145
23408183
12914946
17024596
50998384
12017944
15833888
33454744
31873675
26314633
59626577
67897606
92185874
18315031
21864819
46882031
12125940
17900874
33783341
12271360
32955569
63295202
16405768
15648896
35149597
12537017
12505835
20923441
24217351
57095017
96277438
32672274
27078880
26277038
32455129
25953689
52700802
23401475
12265720
20861324
23464706
16568769
70815596
92909909
15012047
28211509
24506233
26456677
31290655
40790966
96912714
18269156
44643237
16754394
30944037
17051972
26358355
30648072
36539344
22751252
18454845
32867835
66765313
71975325
16820333
25658811
21783670
32707898
25962687
11761760
33188460
14312374
12551393
20542053
82954720
12579733
31184424
10100233
74954197
28841428
33371521
24037322
25868991
56678487
21284372
24418641
16153700
74410946
17578458
30210871
95558245
88407976
70427071
29925775
26327404
27995607
35512875
25541238
11054453
15174435
17000923
30143386
23778666
79836294
18847491
31246872
14809094
38937779
31320380
22265264
15507790
73464467
15750450
13487611
99917085
16005844
41617033
70057558
25303450
15016068
29696429
22165312
31566696
10021111
32100974
10713153
17425984
67717076
31732694
20943641
29657765
22400448
21289988
39991073
21890265
29852871
13737898
86675742
23053042
23633699
23699259
64463034
17934951
75332795
50807612
21172811
26077131
10643751
31279239
16740375
14154240
23150361
16339267
59295479
30600013
74792266
47059688
18396272
14138792
21368313
20310117
18302970
29203199
23769905
21957345
22564231
15126911
97349051
27330477
51207703
18148930
24489471
65387294
43613591
31749381
11438938
58663540
24572211
25054813
24282442
23137813
27767444
45439916
30956764
38709480
58602552
32988369
15275044
20142480
79196220
13258953
12923617
24955987
10149250
17676286
25814134
33563916
10874520
86575483
96261893
19256181
34820552
31602086
13229233
26844994
25514822
30041138
18911675
11782317
55854243
75500481
12813434
17490327
73317651
29477100
20953435
12656228
26797104
23212110
38931779
22559321
18668175
23998964
18339002
26397960
24427701
20103760
38148966
12928494
63353843
29421567
15143517
17171654
10028057
27612351
33652662
33895497
30684411
24242502
23955426
27785603
14198689
25493679
28145763
22758845
31583229
19693382
14613959
62930840
22137835
13902195
27329542
66692035
33034169
11900641
25708659
30436152
32613208
20187210
28834070
15275778
56106901
16947728
33190553
21297446
26711166
14120114
28164648
13669368
22743533
24196555
13063545
18181252
31571033
12702978
92123547
13974464
23008241
31231263
88476493
26290711
55821648
89119517
44432656
31744897
21233460
73777727
17762116
27390878
29752722
48572135
12406435
10889400
96010434
15367044
16908171
30632003
16784865
14742764
32822941
29637362
10970551
31740382
28701863
13736476
17695157
13597407
19988439
22595844
16753910
49850429
11495527
25509490
23634088
17442615
14016952
84848422
14403781
25676805
18488328
21667383
93808919
12445364
15264564
14656796
11489805
13507520
95443447
81947304
22527213
64221637
26784338
15546654
28671666
13885441
21672871
30229900
17199158
14536705
17261038
56833500
10913940
24124949
27799210
29062658
33742743
15274608
29246576
24772657
19524617
19799915
76488479
22708985
65605274
18531170
29700804
59243250
25775436
75065025
12438650
26119075
20930147
14719993
19033831
20833651
28243884
48662326
16573365
28187356
20957703
10628163
14036221
17263113
19525760
10554694
18760367
20197598
32513938
72628027
60513036
31353466
25231104
78470995
27221536
19036209
11862987
25831359
29785602
22621364
18794940
21012060
91163091
28687826
16858455
31307678
16367440
19199406
17578906
91115935
33637938
13432215
14873575
23174758
13814761
11971924
11451247
43821475
10082247
91785591
13249388
96274507
78986871
12711434
28378633
26313239
11693201
12997978
16729260
85174090
11201099
91584781
11248997
11119209
32434268
33017507
12793269
72411211
96296970
95914759
30040156
43926955
36633872
28388279
22100547
26718694
16690264
12631713
14207866
19042822
23568053
12917293
81847185
11959234
21967137
11937400
54753899
84796803
30199071
83903265
12965513
18775869
14451089
26076211
32414316
98388380
60367536
25452978
20861454
28519630
21330768
24547366
87883253
28111959
30073664
45995210
90029369
25713275
27565895
89828567
22565640
21413296
29105108
26373422
32477430
23818055
33038916
13121166
30202570
20914137
33287615
18837812
11464364
15905758
30039779
24523107
10962613
16731792
35234666
18233959
97645375
24399155
26669669
19995459
31263717
22681406
19101585
14082718
10646098
12136719
27341673
15458851
30127745
18504930
76555720
36457275
13285925
47210293
14284262
30262404
23118182
30873266
26415822
20547630
10970296
79427400
10879170
99807181
27002319
26121979
21199415
10686737
12565618
14264429
26977398
18020791
21778746
19940636
47638058
30669671
12696201
22645867
27631461
30646632
63538844
33146088
18167595
22911912
31455146
16526287
29690507
33218789
66854219
22417141
18789310
26720854
10545110
10583992
69420303
25470320
29079801
24929231
22647679
81100380
12826923
19200105
21219149
20295223
28823754
24746159
25133019
25606667
14465569
57346246
47607836
12432834
26752140
25608358
24263068
26550598
14128046
15699778
11717792
41231559
10667740
12470031
33993876
47576572
21733059
27945683
33487683
37297185
19377696
24911860
17289020
17756528
11691664
31329469
18827406
25397479
99627875
14555908
10708782
30838546
18563915
26755060
21775825
32464437
52286674
12162231
30644541
80398851
28335124
33463449
14772451
27629751
18778440
23267403
27371582
10160758
25687453
26483972
59036765
20200913
24861767
19736753
30268321
21114051
29865522
14893538
33279025
10419704
29134810
26188128
39458487
19448724
12462770
83782410
21240075
91859053
29175015
28586176
68579625
46913038
90604602
12669279
16102080
16933667
32591724
22647540
23972628
30465291
17508560
54297255
11118942
32939107
14658520
14310314
27637459
24565554
11865933
20666150
32014698
13670790
67697941
22314924
53100747
27742629
80318611
31670173
13096188
10938485
24965869
62096787
19841969
26448700
74428849
17988520
21660053
18913145
28058625
33130732
75370072
43444052
18054292
13597962
33440372
16775584
19605111
58591899
26892564
83169152
96956418
12727096
27081075
26473069
66101013
62682475
16649184
28291988
26626787
28828736
15312585
22901346
10137185
49082012
15332370
63586942
25190828
31447810
40854641
18388321
28514481
51119130
10827621
26540275
23241915
29310696
13787914
48082781
37552470
27172836
18282389
15472562
16097031
11554035
16862750
21938073
20820564
27846910
27227404
19637883
24554099
93059260
64524138
29201002
31041772
27664556
23221863
12659430
12797613
25517367
24149722
31026143
14292677
32525760
20497087
29990179
28535387
18333396
18871902
21362980
22516944
30123865
26076670
17715905
30416995
40730329
18611740
32823943
11229906
10864347
27789347
10252983
10394584
30536736
20759722
21203465
16102407
44224456
23487584
58289483
11968947
20731763
85898220
11930459
46367579
22835817
31157451
18308205
12300616
25067045
27989583
21479825
28587700
26735539
33525447
15662531
51419211
51418662
25588447
24031668
29886727
23059381
70883707
17444044
88993035
31014474
19556273
28701661
18740410
19745328
32661294
31036974
19944558
24947174
15093379
28999095
54148885
10135341
13045345
10108987
32819876
77084342
23857437
16896679
40088801
17355560
28455455
19727652
18784307
16347563
28669368
29493415
25259371
25713609
72355921
47550074
14660967
20241163
19400148
95361340
12281664
28171483
17625680
34469870
28611924
56102726
33141402
13351081
95191025
24214437
26692631
16670168
30280625
64960644
33752981
13189191
10786723
29043201
50931613
31285705
14080650
11861598
83739459
30196929
10320078
68077074
26256087
27144935
31947610
67093615
25459090
33548094
26705777
15417116
25440610
32381253
23699985
21317849
17180350
59119514
26948472
19734777
33849307
13360278
11315430
41312314
71196732
79844305
32555463
32782966
10863084
59888209
23758128
30327512
18949832
17094963
22081659
30101934
64794228
54327743
34005347
32585878
12250304
91970310
11479321
21464354
15557745
17422435
14931745
15505366
20366804
20640286
24020636
23861167
46816289
95001460
32016920
58856784
32792739
22045308
24321760
13940464
26882616
20379668
70896158
24857445
83329081
29839801
30390131
67573564
15551584
56253466
62799640
11448404
20737568
10408703
29924748
11546486
30527419
23041813
50253498
31061766
86015657
83028429
11406116
12612371
19179291
11992064
27463045
10605403
23021561
32007009
33444458
19242061
