18615009
62682475
27305415
18778440
26740935
17676286
15012047
24037322
11010352
23367187
13285925
30944037
15570196
33323921
20785958
29732540
86204759
12914946
33248482
29009409
23041813
10634748
19858998
16588817
95753430
19674763
30090937
10028057
11872176
14557735
18784307
30951745
20184339
28701661
11668726
82769411
18531154
21672871
28335124
11368903
21317849
32823943
33637938
12544591
28171483
14660967
22842859
12997978
10962613
20338231
25687453
30238299
44352569
26483972
10583992
23903450
18289135
17762116
30259517
30649702
29407098
28378633
26977398
38557555
33225296
18543418
25953689
52286674
71481007
11240902
11665711
48055482
66765313
22902934
13507520
22303666
14310314
32403987
28701863
11173541
54345295
10870116
26448700
55011656
58717759
28933363
15175451
10643751
76536897
26550598
10209538
29748785
23150361
27631461
13670790
90604602
10399396
31041772
19525496
23377966
17069812
30733386
59498681
77085648
49970717
15502356
31765333
32153986
20914137
19328722
16405768
11253911
14843258
24292520
24282442
32208394
31320380
81100380
11590368
33463449
16896679
17934951
10108987
22758845
12432834
13923824
60910781
33188460
21459614
14662163
64549517
30477104
18436132
15275778
17496631
32230312
27637459
32601355
25658811
25634895
30673463
17650898
12961301
59848791
30873266
17682420
25099017
25054813
32957872
32927084
31447810
11900641
14080650
28291988
10686576
13763755
20840493
34828954
33434295
82954720
16954821
22100547
26397960
10323570
27565895
22911912
21404627
10050429
24263068
71196732
23267908
15505366
18282389
32484825
76321365
20971115
11336313
47607836
28211509
25337403
96476641
19522545
23401475
17785100
13836608
10276428
31526451
30199071
30262404
29105108
15066007
26046456
75065025
44643237
17556704
26165291
13737898
17121418
28828736
30229900
18167595
67717076
77786504
20164540
25775436
21495857
22920735
37358940
82499080
80146028
29088408
27785603
10252983
27954146
31566696
92715772
17422435
10823771
21330768
17346258
35234666
14600856
12711434
12602060
30669671
32955569
22660235
46071731
37552470
29246576
87697379
76555720
16690264
11256202
11968947
23273921
19863147
16740375
20151293
28841428
31774984
16942550
20103760
12965513
33436552
17988520
28799432
16045679
18745236
25814334
28688470
27613514
33547326
10646098
46553212
31580895
51156821
75938317
79196220
23902779
76878950
61558342
19444999
32989292
28483458
12293834
36457275
16897248
15749719
54468333
60093014
28950173
32792739
26313239
21240956
22409766
19014417
60315515
19730761
49082012
32525760
19994831
10137185
24217351
17041925
53100747
16074628
21464354
15434464
14451089
18871902
27664556
19200105
14284262
16772256
25541238
14255121
22487192
24685704
15995298
74954197
28187356
20593215
83903265
10545110
13649447
19451891
32408965
86953346
14820901
12616733
83739459
28771371
11992064
67573564
19395045
32025853
21448330
27186049
48572135
92852996
11571370
15842817
29350311
25708659
70365567
18045398
12300616
21967137
21304359
20666150
41637565
33034169
30644541
28215752
36682701
51130411
29690507
98543831
93142582
39055462
54753899
16157027
11489805
21990996
99844130
18837812
15274608
62096787
12876313
44804128
26314633
19745328
10100233
85898220
21178503
30986868
10593636
85799344
74792266
39471218
15472562
18020791
17691125
33141402
18710335
19688495
22108965
14525026
33016384
20309569
20503294
24947174
38148966
54921108
24781552
45439916
31545193
10188416
28611924
30909681
26041424
70427071
79384930
24074826
49453193
17266543
15478918
99736130
23783949
13257783
47576572
33993876
20235251
21957345
20930147
38937779
32194757
33563916
14069403
11060040
27083485
26261297
96810242
11059352
11118942
28802994
64960644
21890265
32416885
30268321
23156734
17708501
18395525
29022756
13426205
21224577
15417116
44395037
24547366
25388828
21187577
10308502
25187013
24988913
13229233
16102080
17119698
31285532
25776965
96843992
26256087
23664346
20638363
29043671
14662936
10708782
93332757
22442505
29752722
17241232
12136719
26725259
53762265
30671229
24861767
15363057
69420303
20197598
19669593
29203161
11479321
26911897
31722079
22247572
29924748
31240361
18357798
33861188
27134220
33454744
17199158
18011448
14656796
96912714
28840310
24220300
29493415
33895497
29925775
11388721
25597540
19431208
80785086
24214437
70815596
29824811
10686737
32643029
85174090
10605403
21012060
11226869
20943641
14589172
25773645
15823513
11930459
12696201
10408703
80376950
17444044
39991073
56678487
33548094
12472920
16908171
21352436
14154240
20701643
51419211
30646632
83741105
23053042
19435698
15546654
18964801
10730392
99917085
99187569
21551132
16278219
33038602
29312849
18659590
65622384
18841508
20200913
92909909
32118460
17798599
20578594
25231104
56774867
27023366
12757915
10913940
25151003
15474223
20833651
33288131
10320078
16388049
25770350
22704314
20793241
40600182
19242061
22655610
18153802
28251662
32712955
22266921
12438650
31329469
17000923
88399788
23212794
28153655
76488479
25814134
14249094
29203199
67545107
18668175
20295223
59898104
24184201
25279211
24882864
13432215
31354863
17841724
20542053
84385498
31668661
35149597
14307008
81947304
25962687
11719593
22743533
13885488
17060649
11782317
33233234
25136970
15372677
27067979
19036209
93059260
96277438
17176710
37172310
43821475
29865522
13249388
27221536
32753178
29785814
31119477
79691865
33708283
20142480
31850224
59888209
30829675
27789347
10035219
16924979
25588447
20301769
42929619
18054454
52700802
28596836
34005347
18949832
28669368
96261893
28535387
15824105
27292858
34098675
20244831
32528782
49850429
19630382
15307502
16300275
24391525
83782410
28823138
14198689
90029369
14740421
15275044
13290909
11451247
15771981
17187219
31012279
99189811
14483454
17727443
29083689
33742743
12377113
32591724
64434849
27227404
82679026
54775283
24203179
17171654
31235736
27595479
19872296
31602086
25623626
15570591
28028547
83160068
23241915
22766618
21413296
15624976
24228030
15335396
15621671
30596062
76231077
30170097
10972040
27884498
19556273
41866354
50807612
31307678
22165312
11569207
21667383
12923617
21783670
31455146
10025633
27128964
20377291
26076211
11256331
28842621
10382169
11719802
22752576
59866813
78227097
17456242
21778746
16958521
30648072
30331374
13862739
25096263
27103704
17369661
34022309
19102028
21199415
26887201
20111138
13773323
32939873
23634088
28587700
19799915
18794940
63353843
33462738
68557929
86575483
30259450
18942588
33371521
38931779
15551584
25278103
18533645
20842816
29112852
10881506
16183062
14082161
11655577
15264564
60891689
92155640
61934689
25470320
25510329
14908892
25676805
64794228
29427845
43444052
11862987
29421567
20314190
13787914
51207703
10241761
27085230
23118182
30499284
24172091
12244215
12565618
24565554
15594181
75970522
25765950
25975733
20241163
17983368
23021561
25190828
81117013
14036221
17508560
29786633
68579625
14773412
11578910
29700804
20914097
24955987
16533606
93293861
97027967
83329081
24554099
19841969
27479972
23235697
12631713
15332370
13699845
20492205
10301851
12656228
68077074
29852871
46951234
27629751
18653193
31749381
10771654
24523107
14264429
21443201
55854243
63129187
16102407
23198512
39619105
18663364
45995210
26456677
21938073
30127745
11693201
33297454
44066777
94898510
19693213
16784865
41039525
12702978
11959234
18488328
26718694
20912596
28779760
18007614
14656144
20187210
27442379
27371208
13007912
16775584
17157433
88856362
74152398
97268969
28111959
21233460
29066551
14505217
15341781
28743846
98900325
25493679
36058190
22900554
13088701
16105091
18233959
97645375
19785890
18775869
15191345
31157451
14919307
23361911
32014698
32555463
12281664
26077131
17301639
68246867
15872986
24064890
69500673
95914759
22921876
10082247
25868991
30917706
29201002
10568247
29696429
30684411
18454845
19524617
26390272
23373297
25440610
19101585
93261718
89828567
26711166
63586942
31947610
27329542
29147687
11761760
26928452
59036765
17487696
24746159
88476493
10160758
16754394
49411079
10141070
75616216
62083391
50710698
22787906
15192099
26540275
14442162
21859231
87295679
17937788
10973420
31583229
75370072
14102577
10713153
30137796
25509490
25811636
41827015
16526287
47920018
22565640
26719409
21796880
20497087
91163091
24982075
13258975
31200665
11922608
54327743
34820552
63163692
17996811
14082718
30040156
25512652
16367440
22417141
69269578
17204214
21269660
24506233
13268295
64524138
83169152
21900681
25583572
17024596
98830491
30376112
32131218
16248077
10900526
41479440
14555908
16753910
16776665
17094963
16688511
30527419
24489471
51693545
16481346
16337795
47404463
14812601
25929288
20547630
11229906
14121357
86015657
78986871
10183362
96956418
11817915
22621364
82360299
10694332
19289881
95882967
22835817
18054292
30956764
36539344
22433205
21240075
11937400
40103078
19379288
12348661
23861167
11119209
68396832
15507790
21880218
26720854
16976097
28519630
11461619
91970310
52142506
30073664
41195466
19916234
32358953
16745601
28671666
24124949
25647123
30327512
22275811
78470995
13754419
28823754
31872072
22675711
17180350
13045345
34302755
22165824
14071691
18847491
17263113
30890584
32849512
29344689
11221239
10155955
73317651
19366017
12017944
26775635
87080288
55932682
31486270
34008432
30202699
31353466
18459902
11946351
11714247
19400148
26076670
22437408
60513036
96010434
52091175
27882521
71822603
18789310
31679872
27341673
31184424
33547294
16396293
54200918
33721942
91584781
13597407
14016952
12169878
16649184
12659430
33792932
31036974
68857925
12610655
63989477
47041182
11818970
67633255
18911675
12968448
26692631
17088618
24805736
25713609
56253466
16005844
33440372
29310696
64685181
22965282
95442435
23910459
27742629
73464467
98388380
16050718
19377696
11856869
22708985
12250304
91785591
25713275
32822941
31994709
25378620
17695157
15570038
17578945
28514481
15016068
84845930
20304107
31905835
21479825
26638973
16350464
24368359
23818055
30210871
26844994
39534106
67101251
29774470
25908029
14128046
29574977
19914925
13609432
14486911
16947728
16167259
68574382
29637362
45464917
89119517
10394584
19891080
20415819
29339418
36633872
84848422
15533950
23054880
18460626
48662326
17186505
17438641
75945554
26705777
95361340
20196413
33652662
26315878
14685069
32530294
59243250
14710387
10135341
11229322
12391330
13391194
27708356
26892564
22901346
26752140
23221863
13761402
26373422
13938200
16731792
25964611
26121979
30828955
19166314
30536736
27103924
22722462
26876996
50931613
26068124
19637883
23458909
25459090
11899232
11971924
11717792
22359015
13096188
47431380
22081659
91859053
63735678
27390878
12931875
16363108
25303450
31061766
10443923
10508263
17599418
32608810
22137835
11318448
23778666
22751252
24196555
16097031
21816003
15806526
94814619
60367536
23212110
20262123
56611730
17580543
21753961
34019840
16217698
17832709
10863084
19693382
16600200
13516773
30615258
13669368
14138792
16339267
24149722
14177025
70883707
17578906
27869786
14090204
23095926
15769457
62930840
60273649
10949228
32381253
66791488
28834070
28114301
11649704
23948032
78339931
29477100
30068904
27172836
27144935
20233883
68842384
26330183
13537801
15648896
18427965
20464064
20737568
23857437
26327404
28554960
43341409
27912137
99042584
27330053
24554571
89914283
11952085
22827294
13597962
26626787
31396530
33017507
12781140
23075375
10139693
13814761
24501398
89394011
33279025
11807728
33453363
99636674
14797055
49813434
12669279
29423008
28285993
11041568
32349820
28485655
32426371
15126911
19129074
32455129
19619111
48060448
24699286
12928494
65167988
25375502
29460290
95558245
30041138
24636390
20049194
18111833
18422177
44885018
11054453
74883809
37543810
26490022
23662996
95443447
18017161
33156951
12877935
65387294
57095017
19033831
51344340
59119514
15931740
21477138
32819876
12619370
15732028
32236593
29175015
26188128
26277038
41312314
30600013
27995607
31369316
12180186
47638058
28058625
14613959
26585357
12505835
77607824
81405915
15137729
29062658
18908651
18908624
29271816
30548552
16387795
26855287
35841845
17655234
18302970
20472564
30465291
37614713
16158154
70200088
27463045
28455501
46913038
99807181
19824893
32924190
99627875
20326237
28254646
21775825
10970551
37297185
26297668
14719993
37711980
53989153
19755478
23568053
18886325
32531441
17425984
30512548
13318247
13189191
32177513
67433789
18045535
33752981
20596837
18388321
13262989
32007009
14721327
30390131
31719847
25356786
11378110
17598576
23113404
12793269
44224456
13211279
26360528
33582097
97349051
11420296
30039881
21362980
24965869
20672288
31285705
10864347
11564150
25067045
15662531
28164648
80178501
26797104
23408183
67871982
14465569
51418662
75332795
67697941
29803669
12980436
26669198
17756528
79836294
23059381
11478569
26501413
32094488
76553073
45282327
29673603
13487611
22516944
18437925
72628027
29952161
32513938
23008241
20640286
30548481
16581992
78537707
86675742
27181526
99846475
22265264
20319702
16568769
14910635
32867835
20488370
19199406
26082135
25908964
14954991
96296970
31026143
13758894
18902420
19281424
14964651
23633699
93504366
21933124
70896158
21503822
70430937
13736476
49230148
20298828
13052256
20369799
23644175
29840733
67897606
32613208
29141829
69293258
11201099
16729260
13325833
27697469
25770597
16562502
19605111
23070516
29134930
19296494
69461892
11822711
25452978
80318611
25335025
23911947
46612401
16271299
74673192
12271360
55685801
22905967
23699985
29593267
27857970
30280625
27793145
15165036
33525447
25512587
27767444
61171066
12369856
17490327
29468162
58591899
17381010
28101060
10925281
28203717
10889400
12537017
29329291
27449735
54068888
20947604
93528424
17336782
31977766
77084342
73777727
17412962
14575169
27582690
21733059
10827621
30422962
30727911
54148885
21728464
32797973
30416995
26222142
30836617
32414316
31889216
99764715
28858136
18822192
18308205
24675998
38709480
20820564
50253498
33783341
51119130
30875028
25165766
13080327
11121634
32434268
31732694
14041520
48082781
14486779
10667740
50998384
13976982
19171741
32464437
51035809
19700202
10259261
45987155
16862750
13754263
17506768
23137059
26473069
13733468
26784338
32416753
27081075
27749155
22595844
30091094
26669669
14931745
15688157
26755060
12657417
27638304
25654663
18669627
30703122
32477430
44313095
25740976
25932720
22647679
10970296
28388279
29820630
19773914
31932040
25313982
27330477
17873469
89281156
30779392
21753679
15093379
24569580
17289020
25397479
74098642
17942067
89699959
23955426
31273434
18386364
12066061
20543249
13677040
13842784
30170719
72957288
75292592
75500481
17715342
12551393
92123547
23082614
28455455
83219429
92859809
32491441
22400448
15851266
28145763
43613591
31744897
12470031
14772451
28999095
70057558
10878587
23137813
32939107
12727096
84796803
11968608
22093791
46349803
29568412
30551951
27799210
12625392
27612351
88407976
26353562
25109651
20965017
12034301
20278690
32465004
19154694
13351081
15143517
12644336
17578458
31279239
67540416
21203465
25515606
31903015
79427400
12125940
57339806
23827079
18148930
12929759
27268953
34019143
10718402
27921998
25303917
19944558
71719937
21211417
29990179
15750450
24772657
18692001
18396272
12579733
33290291
29679228
16933667
28822913
26948472
27846910
15699778
42202333
24803273
31740382
31093725
31670173
10149250
41617033
13940464
18338682
15329761
72411211
10681814
26457087
15800600
74428849
83821772
94615036
63295202
30532096
55986009
39458487
41231559
22559321
33218789
17754864
27574214
20366804
25133019
32782966
19940636
25445699
32756643
25683569
33146088
13403716
23418648
16573365
40790966
28873318
48016575
29043201
18227884
11712459
87883253
14207866
16352482
16789427
71975325
33133010
31637071
42924647
26161552
12903805
66854219
14568889
11963655
77178034
19717653
84151584
23998964
15569873
18740410
28359463
18132805
25514822
27989583
13139963
96651044
78147370
46816289
24242502
74127496
33894805
23487584
10786723
11341280
30436152
31014474
24587916
29839801
23174758
18864554
22070701
44921618
19995459
10419704
10981816
58663540
56102726
15877211
11621685
27002319
27162157
22539900
34633462
22314924
18851484
27050130
12162231
80739162
90760317
14201863
20379668
15818950
39626708
31691866
14472913
15557745
24093501
30101934
29133873
22645867
24399155
16153700
18504930
23390359
74421628
10628163
26577477
21558745
22766392
23758128
57346246
23974651
74267942
18339002
25517367
15905758
79844305
10061642
11448404
37346169
29657765
25856004
30476945
10085272
21517974
92185874
67663916
26424818
23714153
19756506
66056785
18181252
72355921
71852473
21290691
20861324
10203566
13258953
25337614
84938121
27590073
12727696
11662342
33720559
15146281
21368313
30661139
18913145
68918041
95191025
63538844
46367579
94093314
16347563
18429138
20724638
14658520
40730329
12265720
20953435
33414215
13902195
10546447
38636941
52338908
11248997
19882654
31087287
26781504
27928959
27373646
40088801
27371582
27078880
17715905
14120114
18563915
16961385
16371701
26286255
32234387
20923441
30894970
25901538
11923938
12813434
16504158
23972628
26726491
29729070
24572211
16670168
18760367
25381026
86004399
47550074
11479490
17261038
20880916
10938485
16863166
23499422
19179291
32510184
77527718
20289228
17355560
20425115
31955907
54297255
10874520
89994246
27945683
12406435
10021111
15559003
14742764
15089221
24868780
16996798
47210293
26290711
23464706
15821588
12941886
18283951
24550429
32282390
21297446
13877277
22527213
13885441
71672505
20663179
21172811
11255485
29305949
24427701
32016920
25133595
24020636
17900874
28586176
11861598
33097430
25217027
22940601
22045308
31277863
10857448
25831359
12462770
42761196
98528640
24354140
11833360
33487683
12251697
27963848
79733558
88993035
33190553
80671397
35512875
12640934
16635486
13974464
60752337
57985345
79760860
13774771
15468443
21398248
93808919
25413922
31130877
11554035
38134898
66692035
20773083
14953505
21284372
20634345
15174435
13121166
32732075
22592337
31231263
20759722
25583985
17412888
22751188
40305080
43926955
15940046
15826204
56833500
14809094
29178445
19655487
10709741
80607627
31873675
65605274
19883319
