10203566
70057558
31348629
78986871
32416753
11060040
12656228
26964849
24220300
20638363
11571370
21194578
16589134
27050130
63353843
18851484
11059352
20971115
23198512
96810242
16954821
20634345
32797973
25658811
66692035
15478918
29305949
25099017
23150361
22400448
24982075
70883707
77786504
24572211
24882864
15995298
90029369
84151584
26725259
15505366
22265264
29183785
28611924
39991073
77085648
18132805
14812601
20701643
31732694
23499422
25337614
28688470
75370072
18611740
43926955
33708283
19916234
74954197
19200105
23714153
33849307
11654520
44804128
12034301
39458487
32416885
17119698
22657728
96912714
53762265
66765313
12668572
20184339
17487696
15570591
14844179
19799915
29824811
16961385
35234666
10913940
24861767
12136719
12544591
18964801
18692001
27078880
70080560
21479825
44921618
16776665
92859809
26718694
26911897
54753899
33637938
15335396
28251662
71593677
74792266
10108987
24093501
28823138
12625392
12377113
27081075
20543249
30733386
22681406
12538874
64221637
17261038
20301769
20197598
16337795
19242061
76488479
24242502
29785814
11693201
18488328
13290909
16533606
18020791
28842621
30390131
31263717
47210293
11489805
11554035
25597540
26784338
19693382
26363105
25811636
14414882
15818950
33547326
20203258
16481346
11464364
14284262
25676805
17508560
59036765
51130411
11782317
28211509
11173541
18436132
24596522
15833888
54921108
18669627
27371582
32989292
11719802
20889918
30875028
24203179
44352569
26815109
23974651
31571033
52338908
18054454
19379288
15940046
11336313
70080879
27629751
21990996
25303917
13351081
25953689
78227097
20663179
30909681
28111959
30986868
21495857
14071691
17754518
25541238
10061642
30143386
29810410
30259517
27612351
26314633
21368313
18454845
99736130
37172310
22645867
16924979
12017944
31872072
12757915
38931779
81847185
22835817
13773323
23021561
22165824
11368903
30210871
20200913
33248482
12612371
29593267
28950173
16526287
71719937
30944037
42924647
31740382
19727652
11010352
25278103
83782410
12961301
17905965
75970522
29690507
19700202
24354140
10708782
14278121
28028547
22586908
27442379
22409766
46951234
24554099
15824105
22165312
15629367
20943641
70134586
23818055
14809094
12813434
28828736
41637565
45995210
14660967
93332757
11807728
10508263
16745601
74098642
23664346
19101585
17841724
13737898
30917706
27186049
22940601
20861454
86015657
33463449
31774984
18543418
18315031
11479321
24587916
11952085
27120336
15551584
29227923
27371208
19522545
12445364
34302755
24391525
33440372
13432215
17682420
21672871
98830491
10713153
22314924
32430536
17762116
10035219
89281156
21517974
17444044
11341280
12565618
12300616
30199071
18794940
56050320
37346169
68396832
44643237
26719409
29925775
14613959
10139693
26977398
67545107
17676286
33233234
15472562
11479490
22751188
21224577
27749155
27613514
10209538
33895497
10962613
46071731
12659430
14589172
30661139
39619105
25775436
47550074
17715342
10768666
12432834
14310314
24988913
29079801
28822913
39055462
22911912
20957703
91115935
19444999
12579733
95753430
23418648
32403987
20578594
96956418
29865522
15016068
15143517
21172811
17289020
33225296
18563915
79691865
56774867
15851266
10259261
70896158
30137796
33547294
30259450
24117012
11872176
16789427
27708356
29105108
19400148
15570196
32555463
32712955
13121166
21667383
18827406
16102080
24368359
26313239
27227404
85799344
30951745
15175451
22752576
36457275
24292520
26909299
30202570
82954720
22389444
14472913
20492205
55011656
27305415
10583992
33371521
27162157
69420303
12551393
16573365
11668726
55854243
85174090
25279211
75292592
12281664
91163091
29657765
17695157
59866813
10864347
13592316
22920735
30956764
17900874
94093314
11578910
33742743
29112852
32510184
22303666
54200918
32988369
32585878
31455146
75938317
31953509
14451089
16347563
22487192
16371701
16245888
17578906
33290291
15771981
26256087
23267908
36633872
20103760
21679874
15800600
42199067
12941886
18615009
56102726
10028057
26360528
23390359
18760367
25683569
13523160
29493415
22070701
28535387
29405973
31307678
25251209
16588817
24418641
15012047
34022309
22100547
27963848
14016952
15621671
16784865
29201002
14486911
30170097
31354863
19872296
92909909
28586176
16858455
29088408
25440610
13403716
18429138
28841428
16367440
72411211
10276428
59049670
15905758
83739459
32591724
14908892
12505835
22559321
32282390
60752337
27329542
20503294
64524138
10419704
20509467
48055482
13426205
14600856
88856362
31765333
21129317
31722079
30268321
33993876
14102577
96277438
94350514
87883253
15264564
32194757
15941210
42202333
24427701
18396272
33652662
16504158
13285925
63163692
23902779
14069403
11495527
31305862
32927084
46553212
16153700
11226869
54148885
24074826
14656796
18784307
31119477
50710698
30476945
47576572
59848791
28941112
21165288
46882031
76321365
18289135
10568247
29133873
79844305
22527213
25231104
26692631
25831359
18663364
60513036
54345295
93059260
28701863
11590368
24781552
15417116
78739891
31085942
29407098
23137059
25381026
27085230
23377966
20666150
21317849
19036209
23955426
18227884
89994246
33454744
22766618
29022756
29371498
14082161
25687453
10382169
99844130
18740410
10694332
27595479
16352482
25190828
25277502
80398851
96476641
10730392
68842384
18710335
26473069
25647123
14201863
80785086
14264429
20759722
12727096
31670173
16102407
83219429
35512875
95914759
17996811
26720854
12462770
29820630
11121634
32530294
72355921
22201602
19525760
24565554
26353562
58602552
14742764
24911860
13229233
14557735
14685069
96843992
28145763
18045398
82360299
11318448
16896679
24506233
14843258
10643751
16670168
12914946
26844994
94898510
22275811
32792739
14307008
33434295
11856869
18653193
15502356
24172091
60093014
32957872
49970717
15474223
28959731
28215752
71672505
18386953
10889400
28483458
31566696
17785100
12965513
13507520
17187219
17442615
31240361
84938121
11388721
20914137
15192099
88374923
15434464
34098675
15332370
17691125
24685704
88399788
30090937
41195466
10082247
31691866
73317651
32601355
30548481
11899232
21290691
17412962
45987155
29178445
28378633
25932720
99187569
29696429
59295479
31749381
36058190
22417141
33563916
49411079
23118182
90604602
17199158
13774771
21297446
27463045
13258953
26483972
18233959
13763755
15274608
29752722
25096263
10155955
17438641
24282442
27083485
62096787
16996798
21199415
31014474
17176710
30873266
14954991
12657417
21269660
21859231
25975733
34008432
68077074
89531003
31637071
16183062
10857448
10188416
96261893
14120114
13733468
66101013
10025633
16248077
31580895
31027789
41231559
13787914
32007009
29785602
24489471
22660235
25459090
60367536
64685181
13923824
31130877
12968448
18837812
63129187
20196413
19669593
75945554
26456677
27631461
33016384
22081659
26855287
10709741
18775869
17937788
16958521
22766392
33097430
28671666
19630382
14036221
96917145
19328722
20720443
22565640
81100380
79733558
45439916
87080288
29208970
25475845
89699959
30091094
92852996
24064890
11256202
12727696
10141070
23861167
29427845
14505217
67540416
10628163
22437101
19298097
31290655
16862750
12265720
21464354
15648896
32528782
31486270
75500481
17422435
21551132
10137185
25136970
19525496
12348661
23070516
80671397
23235697
11992064
49850429
52142506
27565895
43613591
79760860
12631713
29609465
17934951
17171654
17727443
30202699
41039525
90760317
32672274
15557745
15877211
83169152
54775283
19730761
19717653
27373646
10149250
30527419
62682475
11478569
14719993
29421567
31157451
19054218
11712459
22704314
26424818
31285532
17301639
21443201
12470031
28771371
50807612
24228030
11862987
80376950
13699845
88476493
67093615
34856734
53377358
16105091
25509490
26161552
64960644
20142480
79384930
19256181
69500673
51035809
11817915
30649702
24900877
29350311
15468443
25634895
15872986
39471218
33328961
26397960
20840493
13902195
11221239
13318247
24124949
16740375
15165036
28933363
16387795
74883809
22758845
17041925
29748785
19673996
16217698
24217351
17708501
33436552
19877876
91785591
87697379
20773083
32100974
70365567
25606667
12261283
32025853
19994831
26448700
17180350
31905835
52799912
30331374
13268295
90987435
97027967
10160758
14292677
31947610
29043671
32131218
39626708
67633255
21900681
19693213
19944558
17263113
82679026
19858998
49082012
21233460
25623626
11118942
27067979
64452634
33166008
95882967
30262404
19756506
77200376
20310117
21240956
18357798
44066777
10870116
41866354
17069812
21864819
25187013
47607836
22787906
18007614
20914097
23634088
26735539
16300275
31932040
19154694
16278219
12929759
53989153
20278690
20750867
25303450
15823513
17456242
78147370
15507790
79836294
41617033
83821772
30838546
32118460
10021111
16350464
20151293
58717759
31850224
14483454
26415822
22266921
92155640
26882616
74421628
27023366
18533645
31235736
33038602
25856004
24037322
25493679
19745328
33582097
13885441
31894345
18054292
20949533
21413296
16388049
29700804
27103704
36539344
19988439
10973420
24803273
32491441
48082781
29083689
24020636
25773645
21728464
33894805
30040156
23783949
18338682
10634748
20338231
17506768
16157027
11448404
28519630
27268953
28153655
17060649
13761402
80541877
28687826
86204759
20593215
26490022
21938073
29203199
14919307
93528424
25868991
15846889
30632003
74152398
89053569
20295223
62580853
24184201
25133595
15146281
18949832
68857925
15341781
15310730
10646098
49453193
52700802
18386364
66177657
44432656
30669671
14442162
18094330
22655610
24746159
16772256
22647540
65387294
33861188
61934689
64434849
86953346
17490327
25814134
68574382
26948472
74127496
10323570
22525828
11461619
23401475
28171483
29246576
16933667
67871982
28054092
27664556
15826204
62799640
10879170
13842784
20309569
64794228
38709480
81117013
26577477
12251697
37358940
11900641
11569207
26550598
16753910
15329761
18659590
15888322
30259970
27002319
25517367
20319702
10183362
19366017
29203161
24214437
59898104
56106901
27785603
14772451
29141829
18531154
33218789
26797104
25337403
32014698
13885488
12644336
22433205
79397398
14555908
15749719
17798599
18847491
11653213
19102028
30101934
42929619
33444458
78470995
28701661
16074628
26597928
20542053
76536897
23693786
26887201
22743533
10900526
15594181
10252983
25503816
29339418
21114051
15191345
23633699
14486779
21304359
23769905
31353466
26046456
25470320
30829675
30465291
17988520
11968947
12877935
21650997
10823771
10100233
44395037
13957691
12928494
22045308
18611217
11256331
18942588
13959163
28291988
18269156
18841508
23998964
60891689
15569873
31026143
20833651
12619370
23095926
27128964
20164540
21178503
31447810
11959234
11714247
25335025
26626787
71822603
14820901
17625680
20111138
41827015
89828567
25217027
31526451
22442505
28768644
17000923
31041772
87295679
21240075
13754419
26165291
12826923
11861598
21330768
26051039
20965017
31277863
28802994
32643029
13670790
27561082
15363057
38557555
16863166
11719593
26076211
77607824
11218255
21957345
18504930
11451247
59462595
27292858
20241163
31320380
25512652
10686737
11655577
19395045
26121979
17873469
28823754
48016575
16147551
19863147
28587700
82769411
17650898
98900325
20418571
13258975
17266543
20233883
91970310
48060448
23827079
11937400
13063545
24929231
24772657
19688495
22675711
12244215
57339806
12711434
83329081
30499284
93261718
28335124
99917085
23758128
21284372
26358355
85898220
27390878
21404627
32408965
18153802
23212110
32525760
27954146
26261297
68918041
18745236
12162231
16775584
24547366
29852871
31200665
83903265
19377696
32849512
10545110
33130732
53100747
10667740
27613349
11119209
17241232
59119514
40103078
17715905
10241761
20379668
89119517
23966414
26077131
61563355
60315515
64463034
14207866
22905967
75616216
23361911
40600182
71481007
51693545
10718402
11959686
28873318
19841969
11253911
16754394
17369661
20724638
20953435
41479440
16045679
37552470
17094963
92715772
74267942
32939107
27928959
60910781
68557929
28455455
21012060
21563157
33034169
14740421
16635486
15546654
26705777
56833500
30229900
25109651
28799432
51156821
20262123
18034908
86575483
71852473
31668661
24805736
67717076
30684411
13877277
16908171
10771654
32153986
27479972
33141402
18181252
23903450
30073664
12540112
11665711
24523107
30890584
12876313
21459614
22437408
20547630
18395525
34828954
10686576
93808919
12702978
17346258
17412888
21890265
32732075
14041520
12923617
31602086
84385498
23041813
12293834
17024596
11240902
12125940
30170719
10938485
11438938
19289881
25708659
30196929
21289988
33038916
32707898
23367187
26781504
18167595
10949228
15458851
27330477
12997978
70815596
11946351
20425115
25962687
29147687
24569580
16897248
20842816
28779760
18459902
32358953
14953505
40088801
26076670
88993035
46349803
26540275
96010434
15089221
52091175
21203465
25901538
18789310
31679872
58663540
26928452
31184424
19014417
26019692
33720559
67663916
11930459
33721942
13974464
11968608
13597407
27799210
30477104
27040428
16649184
10981816
13862739
33792932
31036974
25654663
26740935
21753679
32939873
12610655
63538844
47041182
34820552
11818970
22647679
18911675
10050429
27221536
17088618
13007912
25713609
56253466
16005844
16167259
16396293
29310696
31246872
22965282
95442435
23910459
29225477
28455501
21783670
73464467
14177025
98388380
19309011
57346246
12903805
77527718
22708985
95191025
15312585
25713275
13754263
16942550
32822941
20923441
25378620
10972040
12696201
15570038
23524619
48662326
14154240
84845930
29134810
26119075
19448724
19940636
26638973
32434268
98528640
31279239
11248997
30673463
18422177
39534106
67101251
29774470
24550429
17578458
14128046
29574977
23953710
19995459
13609432
15174435
16947728
23137813
10408703
31093725
28514481
29637362
32016920
45464917
10394584
19891080
63063677
30779392
20880916
14403781
19655487
12066061
15533950
18778440
15426907
25259371
11357103
14662936
17186505
10593636
31994709
23082614
31012279
95361340
11315430
26286255
11779971
66791488
26315878
17832709
23972628
31583229
59243250
14249094
10135341
11229322
14080650
21753961
12391330
20512890
27323531
75065025
21967137
32465004
23221863
34005347
19883319
26373422
24868780
13938200
47920018
16731792
25964611
17051972
32484825
16412660
97645375
17466116
19166314
36682701
30536736
27103924
22722462
59498681
79196220
10881506
50931613
26068124
19637883
10786723
12406435
15769457
10563666
11717792
22359015
25151003
13096188
47431380
54297255
91859053
63735678
29786633
38148966
16363108
24031668
26041424
31061766
14568889
20737568
17599418
32608810
28037041
52286674
23778666
22751252
24196555
16097031
21816003
15806526
13249388
94814619
66056785
19451891
91584781
56611730
17580543
71975325
15662531
40730329
13836608
15750450
11546486
10863084
31744897
16600200
13516773
27989583
13669368
12797613
14138792
73003949
24149722
46816289
11822711
10639513
27869786
14090204
25514822
33414215
63989477
62930840
14931355
70427071
51207703
50423967
14873575
28834070
23241915
28114301
55932682
11649704
83814528
18017161
78339931
29924748
30068904
29009409
27172836
27144935
26755060
27846910
26330183
13537801
19734777
35149597
12640934
19171741
36852815
20464064
33133010
23857437
26327404
29344689
21660053
26876996
43341409
97427579
99042584
23767331
25313982
33487683
24554571
30894970
18339002
95001460
13597962
32955569
31396530
33017507
12781140
33146088
23075375
17204214
29729070
22592337
30388921
13814761
17157433
89394011
33279025
10681814
33453363
99636674
19107034
19736753
12669279
29423008
28285993
11041568
32349820
19042822
68846967
32426371
15126911
25908029
19129074
32455129
19619111
20289228
71255276
24699286
30039881
23699259
25375502
29460290
95558245
30041138
66854219
26082135
18111833
69269578
44885018
11054453
24501398
22814626
37543810
55986009
23662996
95443447
32477430
33156951
26290711
26892564
26775635
47059688
13257783
57095017
19033831
80607627
29679228
32756643
15931740
21477138
32819876
14710387
15732028
29477100
32236593
40305080
29175015
26188128
16688511
26277038
31903015
29568412
16690264
30600013
27995607
92123547
25770350
12180186
47638058
28058625
24636390
10957910
26585357
17121418
23458909
10605403
12931875
81405915
15137729
29062658
28669368
27638304
18908624
97268969
29271816
19755478
80739162
64549517
29839801
18864554
15367044
35841845
17655234
18302970
32661294
20472564
19773914
10323033
22595844
37614713
16158154
70200088
34019143
14931745
18531170
15093379
16405768
99807181
13623631
37297185
33287615
99627875
20326237
28254646
33292960
10045652
10970551
26252440
30327512
10377470
33190553
37711980
27921998
31369316
15597421
32208394
23568053
18886325
32531441
17425984
30512548
26726491
18333396
54730183
67433789
18045535
33752981
20596837
24857445
13262989
10554694
15066007
14721327
14658520
28999095
25356786
11378110
17598576
62759358
12793269
11865933
44224456
98543831
27330053
20911644
25133019
67573564
97349051
11420296
10546447
21362980
24965869
20672288
31285705
24955987
11564150
25067045
27590073
28164648
80178501
17754864
12980436
23408183
23487584
22827294
14465569
51418662
32753178
75332795
67697941
55821648
29803669
32464437
15842817
26669198
17756528
40854641
14536705
25608358
23059381
19882654
17942067
26501413
32094488
76553073
18427965
60215268
29673603
23113404
13487611
22516944
18437925
72628027
31492454
20861324
32513938
23008241
20640286
18913145
16581992
78537707
86675742
27181526
99846475
20820564
38636941
16568769
24321760
32867835
11290818
19199406
10085272
25908964
29886727
10925281
30615258
96296970
63295202
13758894
18902420
19281424
14964651
84796803
93504366
21933124
25413922
21503822
70430937
13736476
21219149
33548094
49230148
23273921
20298828
18871902
13052256
20369799
28743846
11678795
21303734
29840733
12472920
72957288
67897606
32613208
34019840
28243884
69293258
13211279
30648072
11201099
16729260
16820333
27697469
25770597
16562502
19605111
13139963
29134930
19296494
46612401
12438650
69461892
18553776
41312314
25452978
80318611
20366804
23911947
34633462
16271299
74673192
12271360
55685801
40790966
23699985
11923938
27857970
30280625
27793145
12616733
25583985
33525447
25512587
79427400
61171066
12369856
31273434
29468162
58591899
22921876
17381010
42761196
68246867
12917293
25397479
28203717
19179291
12537017
29329291
27449735
54068888
20947604
13940464
17336782
10970296
77084342
22093791
22564231
15947942
14575169
99189811
27582690
21733059
10037454
30422962
30727911
92185874
13323855
11406116
30416995
26222142
30836617
21508866
31719847
96651044
21075623
24039299
99764715
28858136
18822192
24399155
18308205
24675998
57985345
31231263
50253498
33783341
51119130
88407976
25165766
10878587
13080327
27134220
33761206
20415819
19524617
86004399
29312849
33297454
30644541
29952161
20377291
21796880
49813434
30127745
28388279
17496631
23174758
19824893
38937779
20314190
18388321
14662163
13088701
19674763
13976982
25583572
50998384
20785958
30436152
13189191
20930147
32381253
15899811
14773412
32234387
22539900
13391194
15275044
11691664
25814334
25054813
22247572
18283951
54468333
31087287
68579625
14656144
38134898
23373297
13325833
26752140
20731763
28187356
20304107
23464706
94615036
14198689
24947174
11255485
19785890
11971924
33288131
27742629
32782966
25740976
32177513
73777727
21558745
71196732
11621685
20244831
20912596
75898302
25510329
28554960
27767444
21398248
23212794
16976097
31040933
13649447
27637459
21775825
22900554
20488370
19556273
18668175
31545193
26457087
16050718
10827621
12602060
32230312
13360278
21352436
27789347
76231077
59888209
81947304
30039779
10874520
33323921
51419211
83028429
14525026
32924190
46913038
24263068
30238299
27912137
30646632
16339267
28101060
33188460
46367579
25388828
32823943
44313095
32414316
27052676
31889216
32396981
14797055
25515606
74428849
11229906
33462738
15559003
23644175
26297668
31873675
22555729
10320078
28485655
30703122
17355560
34469870
17578945
63586942
23054880
30671229
30548552
30596062
14121357
76878950
83160068
31329469
11761760
22621364
15688157
30551951
45282327
29956613
43444052
25588447
65622384
17983368
11833360
57762884
21448330
18282389
26365283
15624976
22902934
74410946
14312374
84848422
22842859
93142582
14910635
29732540
19914925
12169878
60273649
21211417
56678487
11662342
48572135
18011448
30376112
30123865
53971003
31977766
14255121
30726951
14082718
56004472
20793241
47404463
28958028
25765950
29043201
22901346
22137835
25445699
10308502
21778746
82499080
27882521
15821588
77178034
25929288
10301851
58856784
29990179
13677040
29066551
23156734
20235251
10399396
61558342
30532096
28840310
54327743
76555720
18148930
23267403
12846115
43821475
34175058
85072799
31955907
17556704
19431208
12250304
11922608
25776965
83741105
59626577
26390272
31242326
25664610
93293861
96274507
22108965
26711166
19435698
65605274
21187577
20187210
80146028
62083391
27574214
58289483
28596836
14893538
18908651
15699778
51344340
21880218
15372677
23053042
28359463
11963655
28555836
30828955
18460626
27945683
89914283
15307502
26669669
26271521
20497087
27884498
10443923
23948032
15275778
20049194
32343182
13045345
58719908
27341673
65167988
