10034637
10230587
10391459
10431335
10480796
10495532
10518808
10645050
10709972
10886353
10968882
11190977
11199234
11211789
11232572
11342659
11407966
11417447
11473260
11505135
11519463
11519464
11533514
11570874
11584862
11618251
11654428
11668576
11704512
11748141
11796569
11846023
11849429
11849486
11945385
11963436
12023777
12036730
12039204
12042749
12074866
12255767
12262792
12268245
12287990
12371024
12869376
12901316
12916151
12971571
13007813
13276121
13383519
13498045
13617693
13667299
13727170
13780148
13976783
13980142
14121530
14166177
14181060
14323544
14374430
14550012
14603388
14635518
14643002
14657932
14689734
14711296
14737961
14774657
14792339
14843300
15011219
15155313
15164767
15248928
15250976
15275038
15352030
15416924
15544092
15672228
15686556
15707064
15885350
15970060
15980390
16033757
16051089
16053185
16149602
16170245
16222823
16350658
16488825
16509702
16533515
16563036
16595942
16606481
16616750
16780836
16794315
17063492
17133898
17220439
17298643
17302811
17485951
17617823
17729991
17832110
17858850
17862959
17984360
17992670
18067011
18070594
18155205
18346069
18423836
18469964
18472768
18664905
18747590
18797141
18842742
18870387
19009341
19083651
19109902
19120342
19139429
19232671
19532764
19544480
19609807
19615378
19674317
19718045
19773199
20173965
20309836
20402199
20533232
20546696
20624655
20719278
20721737
20861269
20974659
21028481
21036821
21288145
21410019
21416666
21511092
21648762
21850728
21853099
21931433
21949741
22214786
22302865
22319427
22364747
22476023
22497113
22513062
22513233
22547008
22572538
22632206
22696772
22729535
22731114
22904419
23019524
23022347
23133949
23276770
23359116
23407698
23517149
23554981
24055409
24087238
24150410
24230603
24429160
24446008
24467341
24563098
24583705
24675697
24694978
24736607
24884907
24888903
24914054
24917659
25206281
25219124
25291866
25298821
25307569
25309634
25337959
25351667
25399869
25424321
25467711
25943812
26018330
26031748
26046586
26262853
26311631
26457437
26598510
26615941
26623172
26773658
26825607
26890747
27267906
27271888
27315800
27323911
27512782
27513716
27632263
27761856
27862111
27882407
28082376
28144635
28144707
28149763
28269508
28299238
28329993
28347035
28424665
28472285
28518584
28662941
28673992
28693731
28747870
28831208
28870009
29017163
29118563
29217454
29458826
29505223
29508215
29585861
29671850
29765923
29950006
30103799
30104982
30141314
30173785
30236001
30259484
30326264
30341989
30399484
30424424
30506979
30544058
30588651
30613837
30752221
30935856
31014511
31046925
31288765
31592757
31593271
31651207
31710727
32135122
32188150
32490795
32504344
32544701
32826732
32982357
33017761
33066269
33081245
33166173
33217779
33244435
33335483
33704075
33710206
33805217
33812409
33841143
33942686
34494847
35144116
35535112
36709477
37188524
38078441
38660266
39891029
40028221
40039433
40739124
41143870
41887954
42671903
42680014
44169555
44484826
45345620
46002774
46298937
48120040
48339312
48899019
48950486
49173717
49387169
50768538
51925951
52492939
54058374
54754071
56127174
56220500
57162603
57596001
57669831
58402950
59016663
59405454
60279515
60492240
60896356
60981009
61207499
63094241
63795798
64172503
66812046
67048675
67823479
69517007
69884334
70953660
70992732
71382633
71664146
72778628
72886455
73773556
74331360
74568044
75318694
76089424
78707203
79455796
79515234
79784827
81473919
81525020
83749787
84123749
85676195
86766429
87628207
87763541
88193260
88286067
89310909
89886785
90239293
93380391
94049616
94413385
94920760
95956888
97216499
97324652
97774235
97878040
98170327
99236525
