91957135
14121530
20309836
23139927
18067011
69706842
11796569
56220500
12635352
14657932
15980390
33335483
24161809
33575864
30424424
20974659
58349160
11192922
28870009
52680185
23133949
15416924
30141314
59042481
20546696
28957129
25291866
23975625
18339380
22497113
14191643
30334058
14711296
75265908
23276770
14843300
18797141
13708813
33229745
22985214
64172503
10034637
27779570
24100911
87628207
10475817
11417447
16536368
12833296
25337959
21949741
12023777
27053197
55693051
29037302
18918921
19674317
32188150
26018330
50768538
17220439
17832110
22768351
18754213
17134796
22632206
31710727
11945385
34245281
13145271
32689798
26031748
20949949
27271888
19316151
16563036
18664905
14269675
23310383
26773658
20173965
16113852
32023187
17671388
30836357
27583653
40039433
22183403
33217779
11124801
22996829
28269508
42680014
17702578
16794315
43043410
77192271
23030261
33066269
16520579
85999545
20507866
19109902
54228905
12980393
21127401
87600387
31153824
17298643
71382633
20497766
18040815
31046925
44854273
23022347
38660266
29320109
41887954
22513062
15475807
26990271
41143870
93380391
29170191
15722265
12118002
31374759
12268245
22776371
28299238
86766429
30570439
27431300
22729535
32101217
32982357
28831208
12971571
26825607
27607322
12442515
25103096
10489942
21511092
21772101
70953660
11199234
30103799
11143566
27166937
22738457
94787433
11562040
97774235
48950486
15074132
15164767
33244435
21858831
14181060
90239293
22449595
29183507
31592757
20551073
29218369
21916256
33997496
16318816
29118563
12006324
20241991
17617477
17858850
16547257
24914054
14603388
29058451
59016663
16847373
74511679
28407458
32388501
12022527
85676195
12385428
28149763
89310909
35144116
73648276
32883501
33781236
11849429
29320641
24675697
24309352
31743994
79817909
44484826
19082461
20889516
16266459
20875175
20848695
71233792
11211789
29616678
72002913
21650391
64200417
22098735
22649652
21288145
13006669
81779710
24917659
26514729
70992732
23258752
17628694
16735309
10391459
29831142
20402199
19817513
12869376
27516295
59405454
13380776
13168871
13617693
29313508
72886455
25675085
30259484
26608677
24884907
92691555
60492240
33942686
31029699
28694562
27098196
30935856
21046069
32459218
23675143
11976461
24566195
78857151
33431215
13007813
22415965
26196999
81525020
63659452
10480796
20533232
12072486
84264773
24736607
16616750
28144707
16309918
28161253
27267906
19369694
23996895
27240692
23001123
21028481
16148178
10733880
17984360
16859007
33012494
11334683
39042753
17617823
97216499
33812409
10854559
14635518
15571597
22302865
20382961
24429160
10709972
12562569
14374430
93858672
28996551
26892409
18472768
15942223
25739000
11704512
60769489
18652784
13276121
21036821
25081282
37692986
20252992
87123459
88653380
98783967
29114190
73930592
27882407
11276043
32184766
29508215
30927891
13976783
28752600
39891029
67048675
13988806
36472930
19451689
88006162
97878040
60896356
30672183
12036730
25307750
86313894
23929398
18018956
10968882
38788410
25654597
13441353
33805217
12901316
19048264
96282042
18842742
20299029
19615378
16780836
32135122
54662241
22476023
24583705
10518808
20232070
46002774
21532448
28329993
15155313
33255328
27632263
17793140
11201648
32180428
88286067
26457437
11668576
26311631
11718546
28747870
71664146
22364747
28662941
19503434
11963436
11846023
21203441
27521106
10230587
19139429
24443879
25219124
15248928
33662639
27761856
84123749
33841143
26598510
81856301
22968513
68823874
14166177
89492450
17250635
18932368
27323911
49173717
57669831
14035173
27886887
27946368
26046586
14178098
19009341
13280592
16483633
26731193
10179993
33166173
26623172
31099493
19242233
94546957
88193260
29585861
19718045
32896051
19771561
73622309
31421355
27315800
16606481
11029711
14060658
22088013
29671850
14550012
24694978
26422351
11603868
26262853
31193042
23531528
46364031
30341978
91587973
29282708
14981222
46439765
15672228
82141466
60279515
29921531
24467341
93611026
54058374
22731114
76089424
26890747
94004244
24446008
15352030
88365117
25307569
16521857
12633477
36591098
33017761
22728194
10790114
81412319
11505135
50914301
19232671
31014511
16170245
13498045
18613337
30656131
22547008
22544173
24984987
11584862
33081245
22810038
21770383
25068257
21410019
16747413
22747886
28919577
65826010
28070748
17904189
13344093
18159480
17133898
79515234
28518584
11570874
31610065
95956888
25633381
14925331
71309385
15097561
12042749
39808500
14323544
12943136
18346069
22319427
99236525
16595942
89886785
29505223
11196152
22572538
48899019
15275038
29150181
19221311
14155016
66770723
30193902
16389649
17862959
48146334
23359116
52492939
20936476
15544092
75093420
72778628
21365429
54420643
19302966
54934009
52274653
57596001
25921380
23407698
41699808
48120040
11232572
32490795
24563098
22904419
19885226
21994561
12262792
12906301
74952892
21648762
92853487
24077388
74196299
33864031
94920760
17063492
54754071
81473919
94049616
62889525
21026495
12039204
24888903
46298937
13779754
92518315
20782196
11342659
28144635
15686556
29950006
30326264
17404455
26891059
86570475
23252002
18090668
11519464
10650673
20292983
22513233
25399869
12371024
66812046
17025449
17729991
10460110
33528040
21973486
11190977
23019524
15011219
98170327
30588651
32641094
42671903
17302811
12255767
21891911
29147272
15563411
28796027
21416666
18122664
17485951
87184920
19609807
30403174
27624028
20512545
32504344
78707203
28643015
83367401
60959537
29017163
92364997
27807880
22696772
19544480
25467711
68780357
69992799
29458826
14738434
27315481
13780148
20624655
11473260
61207499
28082376
23954798
30680372
23724816
52351031
87280729
36496967
26042995
19532764
29849796
36709477
21224298
22092420
13383519
31144658
48339312
10645050
53783145
12657394
20719278
22214786
18747590
23517149
18324148
38267246
99609921
22135829
25880888
16222823
33704075
79784827
27588106
94413385
99656719
12314922
65477695
21301999
11748141
16033757
28424665
12074866
26119471
12168451
25202750
25309634
29765923
40279586
82188545
53887645
29052591
16753252
29843187
38078441
42200265
97324652
32387949
15250976
26617546
23692155
21078050
20512913
15552516
34518810
12287990
69517007
87763541
25758946
16051089
30394418
30754976
74331360
62803746
28472285
17033416
25544736
13667299
38815335
19201453
33710206
75318694
16684868
30399484
30173785
81316841
80969124
24354604
14603726
13972413
16083261
14964927
45345620
20721737
11849486
25516084
31651207
24150410
16149602
16630722
18155205
43094779
11846372
24055409
20947724
33018423
31288765
44169555
30197848
21095923
26158734
26281489
10495532
25351667
33584203
22722464
34494847
24230603
18870387
14774657
57162603
24330686
31356910
25206281
69884334
20861269
16939090
25403944
27776530
21850728
12965137
30236001
30544058
24286151
35535112
23736192
28105413
25424321
83749787
19120342
15707064
27471020
26345047
18070594
14550869
32544701
12876194
18268077
30240259
32627996
21883922
12945654
85537064
27957733
79613144
30104982
15885350
32826732
33970123
31793819
23344351
25298821
27497034
23554981
27513716
30506979
13980142
17741709
16019540
22433229
25544977
14737961
11407966
14494890
11618251
25596641
13393024
15970060
18205955
11519463
10886353
13727170
40028221
28693731
11654428
40037320
10454669
16509702
24087238
14643002
10028225
10095853
20992247
12916151
63094241
17285653
37188524
71963146
23069044
18423836
15507820
30341989
33291160
14000781
26196526
14792339
67823479
30127428
60981009
30752221
56127174
27396909
15587384
19083651
11243970
33161634
28673992
24271333
15175556
17992670
19773199
79455796
32037676
25406393
40739124
30191385
16874042
17203227
16924520
27862111
15740628
28530781
21931433
29217454
23371538
16488825
73773556
98715509
31593271
28969691
58402950
94301455
16533515
28347035
39251548
16692754
14758232
27512782
26590293
30613837
23992778
23046980
70455157
25943812
24328961
56603905
31792170
26615941
30583941
21853099
23381181
33326069
14657136
49387169
16350658
15151992
29118916
16053185
14689734
11533514
19726636
18469964
10431335
47269876
63795798
16191709
74568044
51925951
16169110
13206682
27046966
10181005
25883029
25124574
32985624
