11028546
11183993
24382706
94631892
20336516
65872715
19255067
22460474
24019857
16687327
93774754
15455985
22458030
23651639
11077300
58062116
16165098
28342888
62545938
12775410
19826235
32434410
88276474
10326820
52313463
74375923
11507369
15903082
18523695
33868775
19216084
14573499
10047072
80027083
18302933
10082597
32161599
31722758
20948972
18073001
15849961
23659769
75774445
11031072
26164784
56312341
12443376
26817384
10674907
10092628
88757355
44567271
59725367
55960555
14521559
11187537
20787798
26172067
86788990
18304181
16765494
16296881
17424501
33737227
84997443
10133426
79133356
15846258
25377929
21803297
34736499
25607811
29855989
27638721
18168608
36900262
14146372
18741167
19276184
28583924
32325683
90519237
33730649
48920769
31508419
15047758
91140660
26302132
26501857
23126125
70388049
23016903
18799635
83371057
29908374
13889020
26067517
17948852
87650922
27637086
24507393
31576488
59543743
28801555
27501400
25860192
31284999
48534387
28210394
26349968
22294633
33601174
29953006
28964116
15192053
21132985
10298715
14036975
94211349
22146563
91017026
17984214
15509494
29485764
30805067
30780923
12777170
17925299
15191808
11384029
31269383
19593564
30212675
57299801
28794759
71125288
38254883
23180441
27879491
16994093
12903685
23019666
72757390
43785142
98198365
24809432
32009952
84511035
22462119
21531589
33925939
16202326
20881600
10523150
29764568
54079447
21096265
93180670
22410837
13688417
25678984
22979462
24557509
32928844
48056057
27287482
19277230
33656926
28869212
18330948
29851970
85524674
90766924
29462270
17250649
28458117
16915368
23607046
21265262
13241592
12654424
69329400
14765336
23294222
26829627
19067462
33830770
11637407
19646210
86940170
20164049
23232014
90626893
16930208
10519396
16259772
12558531
14729736
25410646
38397019
65177727
32749551
31535947
63213133
19836246
93682720
16616554
16584463
21459106
23268672
15262845
69806209
24668728
32122597
28390018
26120713
17004895
34013729
32773448
67948248
11148583
16871675
95335826
15677588
31901361
33148839
25249249
87247063
26145595
11569404
19715183
18656738
37474188
30763785
25195851
28613625
28101968
24209156
37770371
77017438
13841350
22658665
22614504
23874311
45434997
16472185
70549706
11405058
28642705
21548801
42542295
60820985
24112796
32108088
63229441
64671291
45395296
52806135
75197599
31244512
23802402
23962803
33215593
11046088
24600375
21145224
53703608
14175047
27997019
25023106
30133175
42657256
23658498
10285366
19046865
21887357
16054253
11239385
54274193
26831032
18267263
57389225
54481250
15153012
17246614
14211325
27402794
23167045
27784111
23960323
25239576
29473725
98653746
21025473
20615183
27121597
26282606
28938459
22232021
11275411
93827930
25220155
56311240
18010119
21034792
24162945
22316440
19524853
24178037
10924401
98566686
28474347
33517826
27826108
21779066
27237908
13171761
15099465
32836748
52131054
11247291
22442027
27204443
15698557
22067207
56777184
26153847
32770613
29871004
27444034
39713750
28708276
16565086
81377818
94720868
21111735
28437986
98102102
20221916
26630087
20207235
13164268
74593917
24659418
15308213
16993058
14695663
27980098
23547409
32664560
31664753
31528560
20241137
23281255
15232394
20916756
85539895
25772833
71493397
10809421
32256386
24519688
32995116
93834268
29624073
16336773
10876104
12252187
20349636
46427436
95688960
30969119
13479964
23627042
26201745
15928917
33386952
25361022
21306807
20296677
12768253
15807350
18404811
17279291
56091976
18320034
14619182
17311098
26450800
63458312
12866593
10414341
31862454
27998764
19994688
32655543
17737746
82061734
13384063
18139298
18940003
67846513
18588879
32790299
13917562
22642493
12915455
31522995
15271186
11502526
10314751
33724521
17131938
12803226
54132792
29675740
30007148
22265150
24295242
22277340
31883538
51248386
19802935
15634857
19595764
29009838
18888405
40575049
10221099
77512818
19510508
20576433
90313065
99690116
23424372
22259616
25409836
24705071
24066128
15614709
33755025
20251208
29173190
25170895
26200466
69967496
59287311
14050584
27541873
11051722
42206713
70684385
18867180
30546549
19055004
27052544
12867304
38693566
12723077
11630200
19184868
27997087
12183884
51420635
53977987
12292044
12516001
31636728
37024836
30345155
15860088
23195828
13939371
29357916
25908757
22737536
29811187
23015111
11078183
94339187
15584146
23055130
33991353
24552523
27618811
15832956
21216487
18417188
30544972
21190254
32076482
12692212
25660167
13209996
54826346
30919098
63041273
30437608
27012941
27867722
32216451
